
obj/kern/kernel:     file format elf32-i386

Contents of .stab section:

Symnum n_type n_othr n_desc n_value  n_strx String

-1     HdrSym 0      1203   00001533 1     
0      SO     0      0      f0100000 1      {standard input}
1      SOL    0      0      f010000c 18     kern/entry.S
2      SLINE  0      44     f010000c 0      
3      SLINE  0      57     f0100015 0      
4      SLINE  0      58     f010001a 0      
5      SLINE  0      60     f010001d 0      
6      SLINE  0      61     f0100020 0      
7      SLINE  0      63     f0100025 0      
8      SLINE  0      68     f0100028 0      
9      SLINE  0      69     f010002d 0      
10     SLINE  0      75     f010002f 0      
11     SLINE  0      78     f0100034 0      
12     SLINE  0      81     f0100039 0      
13     SLINE  0      84     f010003e 0      
14     SO     0      2      f0100040 31     kern/entrypgdir.c
15     OPT    0      0      00000000 49     gcc2_compiled.
16     GSYM   0      0      00000000 64     entry_pgdir:G(0,1)=ar(0,2)=r(0,2);0;4294967295;;0;1023;(0,3)=(0,4)=(0,5)=r(0,5);0;4294967295;
17     LSYM   0      0      00000000 158    pde_t:t(0,3)
18     LSYM   0      0      00000000 171    uint32_t:t(0,4)
19     LSYM   0      0      00000000 187    unsigned int:t(0,5)
20     GSYM   0      0      00000000 207    entry_pgtable:G(0,6)=ar(0,2);0;1023;(0,7)=(0,4)
21     LSYM   0      0      00000000 255    pte_t:t(0,7)
22     SO     0      0      f0100040 0      
23     SO     0      2      f0100040 268    kern/init.c
24     OPT    0      0      00000000 49     gcc2_compiled.
25     FUN    0      0      f0100040 280    test_backtrace:F(0,1)=(0,1)
26     LSYM   0      0      00000000 308    void:t(0,1)
27     PSYM   0      0      00000008 320    x:p(0,2)=r(0,2);-2147483648;2147483647;
28     LSYM   0      0      00000000 360    int:t(0,2)
29     SLINE  0      13     00000000 0      
30     SLINE  0      14     00000013 0      
31     SLINE  0      15     00000023 0      
32     SLINE  0      16     0000002a 0      
33     SLINE  0      19     00000039 0      
34     SLINE  0      20     00000049 0      
35     SLINE  0      18     00000053 0      
36     RSYM   0      0      00000006 371    x:r(0,2)
37     FUN    0      0      f01000a6 380    i386_init:F(0,1)
38     SLINE  0      24     00000000 0      
39     SLINE  0      30     00000012 0      
40     SLINE  0      30     00000020 0      
41     SLINE  0      34     00000029 0      
42     SLINE  0      44     0000002e 0      
43     SLINE  0      47     00000042 0      
44     SLINE  0      51     00000051 0      
45     FUN    0      0      f0100106 397    _panic:F(0,1)
46     PSYM   0      0      00000008 411    file:p(0,3)=*(0,4)=r(0,4);0;127;
47     PSYM   0      0      0000000c 444    line:p(0,2)
48     PSYM   0      0      00000010 456    fmt:p(0,3)
49     LSYM   0      0      00000000 467    char:t(0,4)
50     SLINE  0      67     00000000 0      
51     SLINE  0      70     00000010 0      
52     SLINE  0      86     00000019 0      
53     SLINE  0      72     00000028 0      
54     SLINE  0      75     00000031 0      
55     SLINE  0      77     00000033 0      
56     SLINE  0      78     00000036 0      
57     SLINE  0      79     0000004b 0      
58     SLINE  0      80     00000057 0      
59     FUN    0      0      f0100170 479    _warn:F(0,1)
60     PSYM   0      0      00000008 492    file:p(0,3)
61     PSYM   0      0      0000000c 444    line:p(0,2)
62     PSYM   0      0      00000010 456    fmt:p(0,3)
63     SLINE  0      92     00000000 0      
64     SLINE  0      95     00000010 0      
65     SLINE  0      96     00000013 0      
66     SLINE  0      97     00000028 0      
67     SLINE  0      98     00000034 0      
68     SLINE  0      100    00000042 0      
69     GSYM   0      0      00000000 504    panicstr:G(0,3)
70     SO     0      0      f01001bc 0      
71     SO     0      2      f01001c0 520    kern/console.c
72     OPT    0      0      00000000 49     gcc2_compiled.
73     FUN    0      0      f01001c0 535    serial_proc_data:f(0,1)=r(0,1);-2147483648;2147483647;
74     LSYM   0      0      00000000 590    int:t(0,1)
75     SLINE  0      54     00000000 0      
76     SOL    0      0      f01001c0 601    ./inc/x86.h
77     SLINE  0      16     00000000 0      
78     SOL    0      0      f01001c6 520    kern/console.c
79     SLINE  0      55     00000006 0      
80     SOL    0      0      f01001ca 601    ./inc/x86.h
81     SLINE  0      16     0000000a 0      
82     SOL    0      0      f01001d0 520    kern/console.c
83     SLINE  0      57     00000010 0      
84     SLINE  0      56     00000014 0      
85     SLINE  0      58     00000019 0      
86     LSYM   0      0      00000000 613    uint8_t:t(0,2)=(0,3)=r(0,3);0;255;
87     LSYM   0      0      00000000 648    unsigned char:t(0,3)
88     FUN    0      0      f01001da 669    cons_intr:f(0,4)=(0,4)
89     LSYM   0      0      00000000 692    void:t(0,4)
90     RSYM   0      0      00000007 704    proc:P(0,5)=*(0,6)=f(0,1)
91     SLINE  0      405    00000000 0      
92     SLINE  0      411    00000016 0      
93     SLINE  0      411    0000001c 0      
94     SLINE  0      408    00000025 0      
95     SLINE  0      411    00000027 0      
96     SLINE  0      411    0000002e 0      
97     SLINE  0      411    00000031 0      
98     SLINE  0      412    00000037 0      
99     SLINE  0      413    0000003d 0      
100    SLINE  0      408    0000004c 0      
101    SLINE  0      408    00000051 0      
102    SLINE  0      409    00000056 0      
103    SLINE  0      415    0000005c 0      
104    RSYM   0      0      00000000 730    c:r(0,1)
105    LBRAC  0      0      00000000 0      
106    RBRAC  0      0      00000064 0      
107    FUN    0      0      f010023e 739    kbd_proc_data:f(0,1)
108    SLINE  0      323    00000000 0      
109    SOL    0      0      f010024e 601    ./inc/x86.h
110    SLINE  0      16     00000010 0      
111    SOL    0      0      f0100254 520    kern/console.c
112    SLINE  0      329    00000016 0      
113    SLINE  0      332    0000001e 0      
114    SOL    0      0      f0100264 601    ./inc/x86.h
115    SLINE  0      16     00000026 0      
116    SOL    0      0      f010026c 520    kern/console.c
117    SLINE  0      338    0000002e 0      
118    SLINE  0      342    00000032 0      
119    SLINE  0      347    00000036 0      
120    SLINE  0      347    0000003c 0      
121    SLINE  0      349    00000041 0      
122    SLINE  0      350    00000046 0      
123    SLINE  0      353    0000004f 0      
124    SLINE  0      353    0000005a 0      
125    SLINE  0      354    00000060 0      
126    SLINE  0      354    00000068 0      
127    SLINE  0      356    00000070 0      
128    SLINE  0      356    00000075 0      
129    SLINE  0      356    00000080 0      
130    SLINE  0      357    00000083 0      
131    SLINE  0      358    00000087 0      
132    SLINE  0      358    0000008c 0      
133    SLINE  0      359    00000091 0      
134    SLINE  0      340    00000096 0      
135    SLINE  0      341    0000009d 0      
136    SLINE  0      373    000000a2 0      
137    SLINE  0      344    000000ab 0      
138    SLINE  0      344    000000b1 0      
139    SLINE  0      345    000000ba 0      
140    SLINE  0      345    000000bd 0      
141    SLINE  0      345    000000cb 0      
142    SLINE  0      345    000000cd 0      
143    SLINE  0      346    000000d5 0      
144    SLINE  0      360    000000dc 0      
145    SLINE  0      361    000000df 0      
146    SLINE  0      366    000000e8 0      
147    SLINE  0      366    000000ea 0      
148    SLINE  0      367    000000f6 0      
149    SOL    0      0      f0100343 601    ./inc/x86.h
150    SLINE  0      66     00000105 0      
151    SLINE  0      67     00000110 0      
152    SOL    0      0      f0100353 520    kern/console.c
153    SLINE  0      330    00000115 0      
154    SLINE  0      333    0000011c 0      
155    RSYM   0      0      00000006 730    c:r(0,1)
156    RSYM   0      0      00000002 760    data:r(0,2)
157    LCSYM  0      0      f0112080 772    shift:V(0,7)=(0,8)=r(0,8);0;4294967295;
158    LSYM   0      0      00000000 812    uint32_t:t(0,7)
159    LSYM   0      0      00000000 828    unsigned int:t(0,8)
160    LBRAC  0      0      00000000 0      
161    RSYM   0      0      00000002 760    data:r(0,2)
162    LBRAC  0      0      00000026 0      
163    RBRAC  0      0      0000002e 0      
164    RBRAC  0      0      00000126 0      
165    FUN    0      0      f0100364 848    cons_putc:f(0,4)
166    RSYM   0      0      00000000 865    c:P(0,1)
167    SLINE  0      442    00000000 0      
168    SLINE  0      72     00000017 0      
169    SOL    0      0      f0100380 601    ./inc/x86.h
170    SLINE  0      16     0000001c 0      
171    SOL    0      0      f010038d 520    kern/console.c
172    SLINE  0      73     00000029 0      
173    SOL    0      0      f0100399 601    ./inc/x86.h
174    SLINE  0      16     00000035 0      
175    SOL    0      0      f010039f 520    kern/console.c
176    SLINE  0      74     0000003b 0      
177    SLINE  0      77     00000040 0      
178    SOL    0      0      f01003ab 601    ./inc/x86.h
179    SLINE  0      66     00000047 0      
180    SOL    0      0      f01003b1 520    kern/console.c
181    SLINE  0      119    0000004d 0      
182    SOL    0      0      f01003b6 601    ./inc/x86.h
183    SLINE  0      16     00000052 0      
184    SOL    0      0      f01003c3 520    kern/console.c
185    SLINE  0      119    0000005f 0      
186    SOL    0      0      f01003cf 601    ./inc/x86.h
187    SLINE  0      16     0000006b 0      
188    SOL    0      0      f01003d5 520    kern/console.c
189    SLINE  0      119    00000071 0      
190    SOL    0      0      f01003da 601    ./inc/x86.h
191    SLINE  0      66     00000076 0      
192    SOL    0      0      f01003f5 520    kern/console.c
193    SLINE  0      172    00000091 0      
194    SLINE  0      174    000000a7 0      
195    SLINE  0      174    000000aa 0      
196    SLINE  0      188    000000cc 0      
197    SLINE  0      189    000000d6 0      
198    SLINE  0      190    000000e0 0      
199    SLINE  0      191    000000ea 0      
200    SLINE  0      192    000000f4 0      
201    SLINE  0      193    000000fe 0      
202    SLINE  0      174    00000100 0      
203    SLINE  0      185    00000109 0      
204    SLINE  0      201    00000126 0      
205    SLINE  0      211    00000135 0      
206    SOL    0      0      f010049f 601    ./inc/x86.h
207    SLINE  0      66     0000013b 0      
208    SOL    0      0      f01004a7 520    kern/console.c
209    SLINE  0      212    00000143 0      
210    SLINE  0      212    0000014a 0      
211    SLINE  0      212    0000014d 0      
212    SOL    0      0      f01004b7 601    ./inc/x86.h
213    SLINE  0      66     00000153 0      
214    SOL    0      0      f01004c7 520    kern/console.c
215    SLINE  0      446    00000163 0      
216    SLINE  0      176    0000016b 0      
217    SLINE  0      176    00000172 0      
218    SLINE  0      177    00000177 0      
219    SLINE  0      178    00000181 0      
220    SLINE  0      178    00000184 0      
221    SLINE  0      178    0000018a 0      
222    SLINE  0      182    00000199 0      
223    SLINE  0      195    000001a6 0      
224    SLINE  0      195    000001ba 0      
225    SLINE  0      196    000001c8 0      
226    SLINE  0      204    000001cd 0      
227    SLINE  0      204    000001db 0      
228    SLINE  0      204    000001e1 0      
229    SLINE  0      206    000001e8 0      
230    SLINE  0      206    000001fd 0      
231    SLINE  0      205    00000202 0      
232    SLINE  0      207    00000209 0      
233    RSYM   0      0      00000006 874    i:r(0,1)
234    LBRAC  0      0      00000017 0      
235    RBRAC  0      0      0000004d 0      
236    RSYM   0      0      00000006 874    i:r(0,1)
237    LBRAC  0      0      0000004d 0      
238    RBRAC  0      0      00000091 0      
239    FUN    0      0      f010057a 883    serial_intr:F(0,4)
240    SLINE  0      62     00000000 0      
241    SLINE  0      63     0000000a 0      
242    SLINE  0      62     00000014 0      
243    SLINE  0      64     0000001a 0      
244    SLINE  0      65     00000025 0      
245    FUN    0      0      f01005a1 902    kbd_intr:F(0,4)
246    SLINE  0      377    00000000 0      
247    SLINE  0      378    00000010 0      
248    SLINE  0      379    0000001b 0      
249    FUN    0      0      f01005be 918    cons_getc:F(0,1)
250    SLINE  0      420    00000000 0      
251    SLINE  0      426    00000012 0      
252    SLINE  0      427    00000017 0      
253    SLINE  0      430    0000001c 0      
254    SLINE  0      436    00000022 0      
255    SLINE  0      430    00000027 0      
256    SLINE  0      431    0000002f 0      
257    SLINE  0      431    00000032 0      
258    SLINE  0      433    0000003a 0      
259    SLINE  0      437    0000004d 0      
260    RSYM   0      0      00000002 730    c:r(0,1)
261    LBRAC  0      0      00000000 0      
262    RBRAC  0      0      00000054 0      
263    FUN    0      0      f0100612 935    cons_init:F(0,4)
264    SLINE  0      451    00000000 0      
265    SLINE  0      145    00000014 0      
266    SLINE  0      146    0000001b 0      
267    SLINE  0      147    00000024 0      
268    SLINE  0      148    00000030 0      
269    SLINE  0      147    00000035 0      
270    SLINE  0      149    0000003f 0      
271    SOL    0      0      f0100657 601    ./inc/x86.h
272    SLINE  0      66     00000045 0      
273    SOL    0      0      f010065f 520    kern/console.c
274    SLINE  0      157    0000004d 0      
275    SOL    0      0      f0100662 601    ./inc/x86.h
276    SLINE  0      16     00000050 0      
277    SOL    0      0      f0100665 520    kern/console.c
278    SLINE  0      157    00000053 0      
279    SLINE  0      157    00000056 0      
280    SOL    0      0      f010066e 601    ./inc/x86.h
281    SLINE  0      66     0000005c 0      
282    SLINE  0      16     00000064 0      
283    SOL    0      0      f0100679 520    kern/console.c
284    SLINE  0      161    00000067 0      
285    SLINE  0      159    0000006d 0      
286    SLINE  0      159    00000070 0      
287    SLINE  0      162    00000073 0      
288    SOL    0      0      f010068c 601    ./inc/x86.h
289    SLINE  0      66     0000007a 0      
290    SLINE  0      16     000000c1 0      
291    SOL    0      0      f01006db 520    kern/console.c
292    SLINE  0      102    000000c9 0      
293    SLINE  0      102    000000cb 0      
294    SOL    0      0      f01006e4 601    ./inc/x86.h
295    SLINE  0      16     000000d2 0      
296    SOL    0      0      f01006f0 520    kern/console.c
297    SLINE  0      456    000000de 0      
298    SLINE  0      458    000000e3 0      
299    SLINE  0      151    000000eb 0      
300    SLINE  0      144    000000f7 0      
301    SLINE  0      457    00000101 0      
302    SLINE  0      458    00000113 0      
303    RSYM   0      0      00000007 952    cp:r(0,9)=*(0,10)=(0,11)=r(0,11);0;65535;
304    LSYM   0      0      00000000 994    uint16_t:t(0,10)
305    LSYM   0      0      00000000 1011   short unsigned int:t(0,11)
306    RSYM   0      0      00000002 1038   was:r(0,10)
307    LBRAC  0      0      00000014 0      
308    RBRAC  0      0      0000007a 0      
309    RSYM   0      0      00000007 1050   cp:r(0,9)
310    RSYM   0      0      00000002 1038   was:r(0,10)
311    LBRAC  0      0      000000eb 0      
312    RBRAC  0      0      00000101 0      
313    FUN    0      0      f0100727 1060   cputchar:F(0,4)
314    PSYM   0      0      00000008 1076   c:p(0,1)
315    SLINE  0      465    00000000 0      
316    SLINE  0      466    00000006 0      
317    SLINE  0      467    0000000e 0      
318    FUN    0      0      f0100737 1085   getchar:F(0,1)
319    SLINE  0      471    00000000 0      
320    SLINE  0      474    00000006 0      
321    SLINE  0      474    0000000b 0      
322    SLINE  0      477    0000000f 0      
323    RSYM   0      0      00000000 730    c:r(0,1)
324    LBRAC  0      0      00000000 0      
325    RBRAC  0      0      00000011 0      
326    FUN    0      0      f0100748 1100   iscons:F(0,1)
327    PSYM   0      0      00000008 1114   fdnum:p(0,1)
328    SLINE  0      481    00000000 0      
329    SLINE  0      484    00000000 0      
330    LCSYM  0      0      f0112080 1127   shift:V(0,7)
331    LCSYM  0      0      f01120a0 1140   cons:S(0,12)=s520buf:(0,13)=ar(0,14)=r(0,14);0;4294967295;;0;511;(0,2),0,4096;rpos:(0,7),4096,32;wpos:(0,7),4128,32;;
332    STSYM  0      0      f0112000 1258   charcode:S(0,15)=ar(0,14);0;3;(0,16)=*(0,2)
333    STSYM  0      0      f0110000 1302   ctlmap:S(0,17)=ar(0,14);0;255;(0,2)
334    STSYM  0      0      f0110100 1338   shiftmap:S(0,17)
335    STSYM  0      0      f0110200 1355   normalmap:S(0,17)
336    STSYM  0      0      f0101ba0 1373   togglecode:S(0,17)
337    STSYM  0      0      f0101ca0 1392   shiftcode:S(0,17)
338    LCSYM  0      0      f01122a8 1410   crt_pos:S(0,10)
339    LCSYM  0      0      f01122ac 1426   crt_buf:S(0,18)=*(0,10)
340    LCSYM  0      0      f01122b0 1450   addr_6845:S(0,8)
341    LCSYM  0      0      f01122b4 1467   serial_exists:S(0,19)=(0,20)=eFalse:0,True:1,;
342    LSYM   0      0      00000000 1514   bool:t(0,19)
343    LSYM   0      0      00000000 1527   _Bool:t(0,20)
344    SO     0      0      f010074e 0      
345    SO     0      2      f0100756 1541   kern/monitor.c
346    OPT    0      0      00000000 49     gcc2_compiled.
347    FUN    0      0      f0100756 1556   mon_help:F(0,1)=r(0,1);-2147483648;2147483647;
348    LSYM   0      0      00000000 590    int:t(0,1)
349    PSYM   0      0      00000008 1603   argc:p(0,1)
350    PSYM   0      0      0000000c 1615   argv:p(0,2)=*(0,3)=*(0,4)=r(0,4);0;127;
351    PSYM   0      0      00000010 1655   tf:p(0,5)=*(0,6)=xsTrapframe:
352    LSYM   0      0      00000000 467    char:t(0,4)
353    SLINE  0      34     00000000 0      
354    SLINE  0      38     00000010 0      
355    SLINE  0      40     0000005b 0      
356    FUN    0      0      f01007bd 1685   mon_kerninfo:F(0,1)
357    LSYM   0      0      00000000 1705   unsigned int:t(0,7)=r(0,7);0;4294967295;
358    LSYM   0      0      00000000 1746   uint32_t:t(0,8)=(0,7)
359    PSYM   0      0      00000008 1603   argc:p(0,1)
360    PSYM   0      0      0000000c 1768   argv:p(0,2)
361    PSYM   0      0      00000010 1780   tf:p(0,5)
362    SLINE  0      44     00000000 0      
363    SLINE  0      47     00000014 0      
364    SLINE  0      48     00000020 0      
365    SLINE  0      49     00000035 0      
366    SLINE  0      50     00000052 0      
367    SLINE  0      51     0000006f 0      
368    SLINE  0      52     0000008c 0      
369    SLINE  0      53     000000a9 0      
370    SLINE  0      54     000000ac 0      
371    SLINE  0      53     000000b4 0      
372    SLINE  0      56     000000c4 0      
373    FUN    0      0      f010088e 1790   mon_backtrace:F(0,1)
374    PSYM   0      0      00000008 1603   argc:p(0,1)
375    PSYM   0      0      0000000c 1768   argv:p(0,2)
376    PSYM   0      0      00000010 1780   tf:p(0,5)
377    SLINE  0      60     00000000 0      
378    SLINE  0      61     00000014 0      
379    SOL    0      0      f01008ae 601    ./inc/x86.h
380    SLINE  0      214    00000020 0      
381    SOL    0      0      f01008b2 1541   kern/monitor.c
382    SLINE  0      63     00000024 0      
383    SLINE  0      65     00000027 0      
384    SLINE  0      68     00000030 0      
385    SLINE  0      63     00000039 0      
386    SLINE  0      65     0000003b 0      
387    SLINE  0      68     00000058 0      
388    SLINE  0      66     00000065 0      
389    SLINE  0      70     0000006f 0      
390    SLINE  0      72     00000081 0      
391    SLINE  0      72     00000083 0      
392    SLINE  0      63     00000086 0      
393    SLINE  0      75     0000008a 0      
394    RSYM   0      0      00000007 1811   ebp:r(0,8)
395    LBRAC  0      0      00000000 0      
396    RSYM   0      0      00000007 1811   ebp:r(0,8)
397    LBRAC  0      0      00000020 0      
398    RBRAC  0      0      00000024 0      
399    RBRAC  0      0      00000097 0      
400    FUN    0      0      f0100925 1822   monitor:F(0,9)=(0,9)
401    LSYM   0      0      00000000 1843   void:t(0,9)
402    PSYM   0      0      00000008 1780   tf:p(0,5)
403    SLINE  0      125    00000000 0      
404    SLINE  0      128    00000014 0      
405    SLINE  0      129    00000020 0      
406    SLINE  0      96     00000031 0      
407    SLINE  0      96     00000046 0      
408    SLINE  0      97     0000004d 0      
409    SLINE  0      97     00000050 0      
410    SLINE  0      98     00000055 0      
411    SLINE  0      102    0000005a 0      
412    SLINE  0      106    00000060 0      
413    SLINE  0      106    00000069 0      
414    SLINE  0      107    0000006d 0      
415    SLINE  0      103    0000006f 0      
416    SLINE  0      104    00000080 0      
417    SLINE  0      133    00000083 0      
418    SLINE  0      134    00000094 0      
419    SLINE  0      93     0000009b 0      
420    SLINE  0      92     000000a4 0      
421    SLINE  0      108    000000ad 0      
422    SLINE  0      107    000000b0 0      
423    SLINE  0      107    000000b3 0      
424    SLINE  0      107    000000b7 0      
425    SLINE  0      107    000000c4 0      
426    SLINE  0      96     000000cb 0      
427    SLINE  0      96     000000ce 0      
428    SLINE  0      110    000000d6 0      
429    SLINE  0      113    000000e1 0      
430    SLINE  0      115    000000eb 0      
431    SLINE  0      116    000000f5 0      
432    SLINE  0      116    00000102 0      
433    SLINE  0      115    00000109 0      
434    SLINE  0      115    0000010c 0      
435    SLINE  0      119    00000114 0      
436    SLINE  0      120    00000129 0      
437    SLINE  0      117    00000131 0      
438    SLINE  0      117    00000139 0      
439    SLINE  0      117    0000013c 0      
440    SLINE  0      135    0000014d 0      
441    SLINE  0      138    00000158 0      
442    RSYM   0      0      00000006 1855   buf:r(0,3)
443    LBRAC  0      0      00000000 0      
444    LSYM   0      0      ffffffb8 1866   argv:(0,10)=ar(0,11)=r(0,11);0;4294967295;;0;15;(0,3)
445    LBRAC  0      0      00000031 0      
446    RBRAC  0      0      00000083 0      
447    LSYM   0      0      ffffffb8 1920   argv:(0,10)
448    LBRAC  0      0      0000009b 0      
449    RBRAC  0      0      0000014d 0      
450    RBRAC  0      0      00000160 0      
451    STSYM  0      0      f0112020 1932   commands:S(0,12)=ar(0,11);0;2;(0,13)=xsCommand:
452    LSYM   0      0      00000000 1980   Command:T(0,13)=s12name:(0,14)=*(0,4),0,32;desc:(0,14),32,32;func:(0,15)=*(0,16)=f(0,1),64,32;;
453    SO     0      0      f0100a85 0      
454    SO     0      2      f0100a85 2076   kern/printf.c
455    OPT    0      0      00000000 49     gcc2_compiled.
456    FUN    0      0      f0100a85 2090   putch:f(0,1)=(0,1)
457    LSYM   0      0      00000000 308    void:t(0,1)
458    PSYM   0      0      00000008 2109   ch:p(0,2)=r(0,2);-2147483648;2147483647;
459    PSYM   0      0      0000000c 2150   cnt:p(0,3)=*(0,2)
460    LSYM   0      0      00000000 360    int:t(0,2)
461    SLINE  0      11     00000000 0      
462    SLINE  0      12     00000012 0      
463    SLINE  0      14     0000001a 0      
464    FUN    0      0      f0100aa7 2168   vcprintf:F(0,2)
465    PSYM   0      0      00000008 2184   fmt:p(0,4)=*(0,5)=r(0,5);0;127;
466    PSYM   0      0      0000000c 2216   ap:p(0,6)=(0,7)=*(0,5)
467    LSYM   0      0      00000000 2239   char:t(0,5)
468    LSYM   0      0      00000000 2251   va_list:t(0,6)
469    SLINE  0      18     00000000 0      
470    SLINE  0      19     00000012 0      
471    SLINE  0      21     00000019 0      
472    SLINE  0      23     0000002f 0      
473    LSYM   0      0      fffffff4 2266   cnt:(0,2)
474    LBRAC  0      0      00000000 0      
475    RBRAC  0      0      00000037 0      
476    FUN    0      0      f0100ade 2276   cprintf:F(0,2)
477    PSYM   0      0      00000008 2291   fmt:p(0,4)
478    SLINE  0      27     00000000 0      
479    SLINE  0      31     00000006 0      
480    SLINE  0      32     00000009 0      
481    SLINE  0      36     00000012 0      
482    RSYM   0      0      00000000 2302   cnt:r(0,2)
483    LBRAC  0      0      00000000 0      
484    RBRAC  0      0      00000014 0      
485    SO     0      0      f0100af2 0      
486    SO     0      2      f0100af2 2313   kern/kdebug.c
487    OPT    0      0      00000000 49     gcc2_compiled.
488    FUN    0      0      f0100af2 2327   stab_binsearch:f(0,1)=(0,1)
489    LSYM   0      0      00000000 308    void:t(0,1)
490    RSYM   0      0      00000000 2355   stabs:P(0,2)=*(0,3)=xsStab:
491    RSYM   0      0      00000002 2383   region_left:P(0,4)=*(0,5)=r(0,5);-2147483648;2147483647;
492    RSYM   0      0      00000001 2440   region_right:P(0,4)
493    PSYM   0      0      00000008 2460   type:p(0,5)
494    PSYM   0      0      0000000c 2472   addr:p(0,6)=(0,7)=(0,8)=r(0,8);0;4294967295;
495    LSYM   0      0      00000000 2517   Stab:T(0,3)=s12n_strx:(0,7),0,32;n_type:(0,9)=(0,10)=r(0,10);0;255;,32,8;n_other:(0,9),40,8;n_desc:(0,11)=(0,12)=r(0,12);0;65535;,48,16;n_value:(0,6),64,32;;
496    LSYM   0      0      00000000 2675   int:t(0,5)
497    LSYM   0      0      00000000 2686   uintptr_t:t(0,6)
498    LSYM   0      0      00000000 812    uint32_t:t(0,7)
499    LSYM   0      0      00000000 828    unsigned int:t(0,8)
500    LSYM   0      0      00000000 2703   uint8_t:t(0,9)
501    LSYM   0      0      00000000 2718   unsigned char:t(0,10)
502    LSYM   0      0      00000000 2740   uint16_t:t(0,11)
503    LSYM   0      0      00000000 2757   short unsigned int:t(0,12)
504    SLINE  0      53     00000000 0      
505    SLINE  0      54     00000015 0      
506    SLINE  0      54     00000017 0      
507    SLINE  0      54     0000001c 0      
508    SLINE  0      56     00000023 0      
509    SLINE  0      61     00000025 0      
510    SLINE  0      60     00000028 0      
511    SLINE  0      60     0000002c 0      
512    SLINE  0      60     0000002f 0      
513    SLINE  0      69     00000036 0      
514    SLINE  0      69     00000040 0      
515    SLINE  0      70     00000045 0      
516    SLINE  0      71     0000004a 0      
517    SLINE  0      68     0000004d 0      
518    SLINE  0      56     00000054 0      
519    SLINE  0      57     00000059 0      
520    SLINE  0      57     0000005f 0      
521    SLINE  0      57     00000076 0      
522    SLINE  0      60     00000078 0      
523    SLINE  0      63     0000007a 0      
524    SLINE  0      64     0000007d 0      
525    SLINE  0      72     0000007f 0      
526    SLINE  0      73     00000084 0      
527    SLINE  0      73     0000008a 0      
528    SLINE  0      68     0000008f 0      
529    SLINE  0      78     00000098 0      
530    SLINE  0      80     0000009d 0      
531    SLINE  0      68     000000a3 0      
532    SLINE  0      84     000000ac 0      
533    SLINE  0      85     000000b2 0      
534    SLINE  0      85     000000ba 0      
535    SLINE  0      94     000000bf 0      
536    SLINE  0      88     000000c7 0      
537    SLINE  0      89     000000cc 0      
538    SLINE  0      89     000000db 0      
539    SLINE  0      89     000000df 0      
540    SLINE  0      89     000000e2 0      
541    SLINE  0      90     000000e9 0      
542    SLINE  0      92     000000ee 0      
543    SLINE  0      94     000000f3 0      
544    RSYM   0      0      00000006 2784   type:r(0,5)
545    RSYM   0      0      00000000 2796   m:r(0,5)
546    LBRAC  0      0      00000025 0      
547    RBRAC  0      0      00000054 0      
548    RSYM   0      0      00000000 2796   m:r(0,5)
549    LBRAC  0      0      00000059 0      
550    RBRAC  0      0      000000ac 0      
551    FUN    0      0      f0100be7 2805   debuginfo_eip:F(0,5)
552    PSYM   0      0      00000008 2826   addr:p(0,6)
553    PSYM   0      0      0000000c 2838   info:p(0,13)=*(0,14)=xsEipdebuginfo:
554    LSYM   0      0      00000000 2875   Eipdebuginfo:T(0,14)=s24eip_file:(0,15)=*(0,16)=r(0,16);0;127;,0,32;eip_line:(0,5),32,32;eip_fn_name:(0,15),64,32;eip_fn_namelen:(0,5),96,32;eip_fn_addr:(0,6),128,32;eip_fn_narg:(0,5),160,32;;
555    LSYM   0      0      00000000 3068   char:t(0,16)
556    SLINE  0      106    00000000 0      
557    SLINE  0      112    0000001a 0      
558    SLINE  0      113    00000022 0      
559    SLINE  0      114    00000029 0      
560    SLINE  0      115    0000002c 0      
561    SLINE  0      116    00000033 0      
562    SLINE  0      117    00000036 0      
563    SLINE  0      120    0000003d 0      
564    SLINE  0      131    00000049 0      
565    SLINE  0      131    0000005b 0      
566    SLINE  0      131    00000061 0      
567    SLINE  0      140    0000006b 0      
568    SLINE  0      141    00000072 0      
569    SLINE  0      141    00000089 0      
570    SLINE  0      142    0000008f 0      
571    SLINE  0      143    000000a0 0      
572    SLINE  0      143    000000a6 0      
573    SLINE  0      148    000000b1 0      
574    SLINE  0      149    000000b4 0      
575    SLINE  0      150    000000ba 0      
576    SLINE  0      152    000000d1 0      
577    SLINE  0      152    000000dd 0      
578    SLINE  0      166    000000e0 0      
579    SLINE  0      152    000000e3 0      
580    SLINE  0      155    000000e7 0      
581    SLINE  0      155    000000f3 0      
582    SLINE  0      155    000000f5 0      
583    SLINE  0      155    00000101 0      
584    SLINE  0      156    00000105 0      
585    SLINE  0      157    0000010e 0      
586    SLINE  0      157    00000111 0      
587    SLINE  0      160    00000114 0      
588    SLINE  0      170    00000117 0      
589    SLINE  0      170    00000124 0      
590    SLINE  0      170    00000127 0      
591    SLINE  0      189    00000137 0      
592    SLINE  0      127    00000142 0      
593    SLINE  0      192    0000015a 0      
594    SLINE  0      191    00000160 0      
595    SLINE  0      190    00000164 0      
596    SLINE  0      190    00000167 0      
597    SLINE  0      191    0000016c 0      
598    SLINE  0      191    00000171 0      
599    SLINE  0      193    00000177 0      
600    SLINE  0      193    00000186 0      
601    SLINE  0      193    00000192 0      
602    SLINE  0      194    00000196 0      
603    SLINE  0      205    000001a3 0      
604    SLINE  0      199    000001a8 0      
605    SLINE  0      200    000001b2 0      
606    SLINE  0      200    000001c5 0      
607    SLINE  0      203    000001c7 0      
608    SLINE  0      202    000001cb 0      
609    SLINE  0      201    000001ce 0      
610    SLINE  0      201    000001d2 0      
611    SLINE  0      205    000001db 0      
612    SLINE  0      132    000001e2 0      
613    SLINE  0      144    000001f0 0      
614    SLINE  0      205    000001f7 0      
615    SLINE  0      206    000001fc 0      
616    LSYM   0      0      fffffff4 3081   lfile:(0,5)
617    LSYM   0      0      fffffff0 3093   rfile:(0,5)
618    LSYM   0      0      ffffffec 3105   lfun:(0,5)
619    LSYM   0      0      ffffffe8 3116   rfun:(0,5)
620    RSYM   0      0      00000006 3127   addr:r(0,6)
621    RSYM   0      0      00000007 3139   info:r(0,13)
622    LBRAC  0      0      00000000 0      
623    RBRAC  0      0      00000204 0      
624    SO     0      0      f0100deb 0      
625    SO     0      2      f0100deb 3152   lib/printfmt.c
626    OPT    0      0      00000000 49     gcc2_compiled.
627    FUN    0      0      f0100deb 3167   printnum:f(0,1)=(0,1)
628    LSYM   0      0      00000000 308    void:t(0,1)
629    RSYM   0      0      00000007 3189   putch:P(0,2)=*(0,3)=f(0,1)
630    RSYM   0      0      00000006 3216   putdat:P(0,4)=*(0,1)
631    PSYM   0      0      00000008 3237   num:p(0,5)=r(0,5);0;-1;
632    PSYM   0      0      00000010 3261   base:p(0,6)=r(0,6);0;4294967295;
633    PSYM   0      0      00000014 3294   width:p(0,7)=r(0,7);-2147483648;2147483647;
634    PSYM   0      0      00000018 3338   padc:p(0,7)
635    LSYM   0      0      00000000 3350   long long unsigned int:t(0,5)
636    LSYM   0      0      00000000 3380   unsigned int:t(0,6)
637    LSYM   0      0      00000000 3400   int:t(0,7)
638    SLINE  0      38     00000000 0      
639    SLINE  0      40     00000031 0      
640    SLINE  0      40     0000003b 0      
641    SLINE  0      41     00000042 0      
642    SLINE  0      45     00000077 0      
643    SLINE  0      44     00000083 0      
644    SLINE  0      49     0000008a 0      
645    SLINE  0      49     0000008e 0      
646    SLINE  0      49     000000a8 0      
647    SLINE  0      50     000000b3 0      
648    RSYM   0      0      00000000 3411   base:r(0,6)
649    RSYM   0      0      00000003 3423   width:r(0,7)
650    FUN    0      0      f0100ea9 3436   sprintputch:f(0,1)
651    PSYM   0      0      00000008 3455   ch:p(0,7)
652    PSYM   0      0      0000000c 3465   b:p(0,8)=*(0,9)=xssprintbuf:
653    LSYM   0      0      00000000 3494   sprintbuf:T(0,9)=s12buf:(0,10)=*(0,11)=r(0,11);0;127;,0,32;ebuf:(0,10),32,32;cnt:(0,7),64,32;;
654    LSYM   0      0      00000000 3589   char:t(0,11)
655    SLINE  0      262    00000000 0      
656    SLINE  0      263    00000006 0      
657    SLINE  0      264    0000000a 0      
658    SLINE  0      264    0000000c 0      
659    SLINE  0      265    00000011 0      
660    SLINE  0      265    00000016 0      
661    SLINE  0      266    0000001b 0      
662    RSYM   0      0      00000000 3602   ch:r(0,7)
663    RSYM   0      0      00000000 3612   b:r(0,8)
664    FUN    0      0      f0100ec6 3621   printfmt:F(0,1)
665    PSYM   0      0      00000008 3637   putch:p(0,2)
666    PSYM   0      0      0000000c 3650   putdat:p(0,4)
667    PSYM   0      0      00000010 3664   fmt:p(0,12)=*(0,11)
668    SLINE  0      246    00000000 0      
669    SLINE  0      249    00000006 0      
670    SLINE  0      250    00000009 0      
671    SLINE  0      252    00000018 0      
672    FUN    0      0      f0100ee3 3684   vprintfmt:F(0,1)
673    LSYM   0      0      00000000 3701   long long int:t(0,13)=r(0,13);-9223372036854775808;9223372036854775807;
674    LSYM   0      0      00000000 3773   unsigned char:t(0,14)=r(0,14);0;255;
675    LSYM   0      0      00000000 3810   uintptr_t:t(0,15)=(0,16)=(0,6)
676    LSYM   0      0      00000000 3841    :T(0,17)=eE_UNSPECIFIED:1,E_BAD_ENV:2,E_INVAL:3,E_NO_MEM:4,E_NO_FREE_ENV:5,E_FAULT:6,MAXERROR:7,;
677    LSYM   0      0      00000000 3940   uint32_t:t(0,16)
678    PSYM   0      0      00000008 3637   putch:p(0,2)
679    PSYM   0      0      0000000c 3650   putdat:p(0,4)
680    PSYM   0      0      00000010 3957   fmt:p(0,12)
681    PSYM   0      0      00000014 3969   ap:p(0,18)=(0,10)
682    LSYM   0      0      00000000 3987   va_list:t(0,18)
683    SLINE  0      84     00000000 0      
684    SLINE  0      168    0000001f 0      
685    SLINE  0      95     0000002a 0      
686    SLINE  0      92     00000034 0      
687    SLINE  0      92     00000037 0      
688    SLINE  0      92     0000003b 0      
689    SLINE  0      93     00000040 0      
690    SLINE  0      242    00000044 0      
691    SLINE  0      99     0000004c 0      
692    SLINE  0      103    00000050 0      
693    SLINE  0      101    00000057 0      
694    SLINE  0      100    0000005e 0      
695    SLINE  0      102    00000065 0      
696    SLINE  0      105    00000070 0      
697    SLINE  0      105    00000076 0      
698    SLINE  0      105    00000079 0      
699    SLINE  0      105    00000095 0      
700    SLINE  0      109    00000098 0      
701    SLINE  0      105    0000009e 0      
702    SLINE  0      105    000000a7 0      
703    SLINE  0      105    000000aa 0      
704    SLINE  0      127    000000ad 0      
705    SLINE  0      128    000000b5 0      
706    SLINE  0      128    000000b8 0      
707    SLINE  0      129    000000bc 0      
708    SLINE  0      130    000000bf 0      
709    SLINE  0      130    000000c2 0      
710    SLINE  0      127    000000c7 0      
711    SLINE  0      128    000000ca 0      
712    SLINE  0      136    000000cc 0      
713    SLINE  0      105    000000dd 0      
714    SLINE  0      149    000000e0 0      
715    SLINE  0      150    000000e6 0      
716    SLINE  0      150    000000ec 0      
717    SLINE  0      105    00000108 0      
718    SLINE  0      142    0000010b 0      
719    SLINE  0      105    00000110 0      
720    SLINE  0      145    00000113 0      
721    SLINE  0      146    0000011a 0      
722    SLINE  0      155    00000127 0      
723    SLINE  0      105    0000012b 0      
724    SLINE  0      156    0000012e 0      
725    SLINE  0      160    00000133 0      
726    SLINE  0      161    00000144 0      
727    SLINE  0      160    00000147 0      
728    SLINE  0      161    0000014a 0      
729    SLINE  0      165    0000014f 0      
730    SLINE  0      168    00000161 0      
731    SLINE  0      168    00000166 0      
732    SLINE  0      168    0000016c 0      
733    SLINE  0      171    00000170 0      
734    SLINE  0      165    00000185 0      
735    SLINE  0      169    0000018d 0      
736    SLINE  0      165    000001a2 0      
737    SLINE  0      169    000001a5 0      
738    SLINE  0      176    000001aa 0      
739    SLINE  0      177    000001bb 0      
740    SLINE  0      178    000001cc 0      
741    SLINE  0      179    000001d8 0      
742    SLINE  0      179    000001e5 0      
743    SLINE  0      179    000001f6 0      
744    SLINE  0      179    000001fe 0      
745    SLINE  0      179    00000201 0      
746    SLINE  0      180    00000203 0      
747    SLINE  0      179    0000020a 0      
748    SLINE  0      180    0000020c 0      
749    SLINE  0      179    00000215 0      
750    SLINE  0      179    0000021b 0      
751    SLINE  0      185    00000233 0      
752    SLINE  0      181    00000242 0      
753    SLINE  0      181    00000245 0      
754    SLINE  0      181    00000249 0      
755    SLINE  0      181    0000024c 0      
756    SLINE  0      181    00000250 0      
757    SLINE  0      181    00000256 0      
758    SLINE  0      182    0000025c 0      
759    SLINE  0      182    00000262 0      
760    SLINE  0      182    00000268 0      
761    SLINE  0      183    0000026d 0      
762    SLINE  0      187    0000027e 0      
763    SLINE  0      186    00000286 0      
764    SLINE  0      186    0000028c 0      
765    SLINE  0      176    00000290 0      
766    SLINE  0      70     0000029f 0      
767    SLINE  0      72     000002aa 0      
768    SLINE  0      73     000002ae 0      
769    SLINE  0      71     000002c5 0      
770    SLINE  0      193    000002dc 0      
771    SLINE  0      197    000002e2 0      
772    SLINE  0      193    000002e7 0      
773    SLINE  0      194    000002ef 0      
774    SLINE  0      195    000002f7 0      
775    SLINE  0      195    00000304 0      
776    SLINE  0      197    00000307 0      
777    SLINE  0      75     00000311 0      
778    SLINE  0      57     00000328 0      
779    SLINE  0      59     00000333 0      
780    SLINE  0      60     00000337 0      
781    SLINE  0      203    00000347 0      
782    SLINE  0      60     0000034c 0      
783    SLINE  0      58     00000351 0      
784    SLINE  0      203    0000035f 0      
785    SLINE  0      58     00000364 0      
786    SLINE  0      62     00000369 0      
787    SLINE  0      203    00000379 0      
788    SLINE  0      62     0000037e 0      
789    SLINE  0      57     00000380 0      
790    SLINE  0      59     0000038b 0      
791    SLINE  0      60     0000038f 0      
792    SLINE  0      209    0000039f 0      
793    SLINE  0      60     000003a4 0      
794    SLINE  0      58     000003a6 0      
795    SLINE  0      209    000003b4 0      
796    SLINE  0      58     000003b9 0      
797    SLINE  0      62     000003bb 0      
798    SLINE  0      209    000003cb 0      
799    SLINE  0      62     000003d0 0      
800    SLINE  0      214    000003d2 0      
801    SLINE  0      215    000003dd 0      
802    SLINE  0      216    000003e5 0      
803    SLINE  0      219    000003ef 0      
804    SLINE  0      217    000003f2 0      
805    SLINE  0      218    000003f8 0      
806    SLINE  0      226    000003fd 0      
807    SLINE  0      227    00000414 0      
808    SLINE  0      165    00000417 0      
809    SLINE  0      92     0000041a 0      
810    SLINE  0      57     0000041f 0      
811    SLINE  0      59     0000042a 0      
812    SLINE  0      60     0000042e 0      
813    SLINE  0      224    0000043e 0      
814    SLINE  0      60     00000443 0      
815    SLINE  0      58     00000445 0      
816    SLINE  0      224    00000453 0      
817    SLINE  0      58     00000458 0      
818    SLINE  0      62     0000045a 0      
819    SLINE  0      224    0000046a 0      
820    SLINE  0      62     0000046f 0      
821    SLINE  0      231    00000471 0      
822    SLINE  0      232    0000047c 0      
823    SLINE  0      236    00000481 0      
824    SLINE  0      237    0000048c 0      
825    SLINE  0      237    00000491 0      
826    SLINE  0      237    00000497 0      
827    RSYM   0      0      00000001 4003   num:r(0,5)
828    RSYM   0      0      00000002 4014   base:r(0,7)
829    RSYM   0      0      00000001 4026   lflag:r(0,7)
830    RSYM   0      0      00000006 4039   putch:r(0,2)
831    RSYM   0      0      00000007 4052   putdat:r(0,4)
832    RSYM   0      0      00000003 4066   fmt:r(0,12)
833    LBRAC  0      0      00000000 0      
834    RBRAC  0      0      000004a4 0      
835    FUN    0      0      f0101387 4078   vsnprintf:F(0,7)
836    PSYM   0      0      00000008 4095   buf:p(0,10)
837    PSYM   0      0      0000000c 4107   n:p(0,7)
838    PSYM   0      0      00000010 3957   fmt:p(0,12)
839    PSYM   0      0      00000014 4116   ap:p(0,18)
840    SLINE  0      270    00000000 0      
841    SLINE  0      271    00000018 0      
842    SLINE  0      271    0000001b 0      
843    SLINE  0      271    00000022 0      
844    SLINE  0      273    00000029 0      
845    SLINE  0      277    00000031 0      
846    SLINE  0      280    00000047 0      
847    SLINE  0      280    0000004a 0      
848    SLINE  0      282    0000004d 0      
849    SLINE  0      283    00000053 0      
850    SLINE  0      274    00000058 0      
851    LSYM   0      0      ffffffec 4127   b:(0,9)
852    RSYM   0      0      00000000 4135   buf:r(0,10)
853    RSYM   0      0      00000002 4147   n:r(0,7)
854    LBRAC  0      0      00000000 0      
855    RBRAC  0      0      0000005f 0      
856    FUN    0      0      f01013e6 4156   snprintf:F(0,7)
857    PSYM   0      0      00000008 4095   buf:p(0,10)
858    PSYM   0      0      0000000c 4107   n:p(0,7)
859    PSYM   0      0      00000010 3957   fmt:p(0,12)
860    SLINE  0      287    00000000 0      
861    SLINE  0      291    00000006 0      
862    SLINE  0      292    00000009 0      
863    SLINE  0      296    00000018 0      
864    RSYM   0      0      00000000 4172   rc:r(0,7)
865    LBRAC  0      0      00000000 0      
866    RBRAC  0      0      0000001a 0      
867    STSYM  0      0      f0112044 4182   error_string:S(0,19)=ar(0,20)=r(0,20);0;4294967295;;0;6;(0,12)
868    SO     0      0      f0101400 0      
869    SO     0      2      f0101404 4245   lib/readline.c
870    OPT    0      0      00000000 49     gcc2_compiled.
871    FUN    0      0      f0101404 4260   readline:F(0,1)=*(0,2)=r(0,2);0;127;
872    LSYM   0      0      00000000 4297   void:t(0,3)=(0,3)
873    LSYM   0      0      00000000 4315   char:t(0,2)
874    PSYM   0      0      00000008 4327   prompt:p(0,4)=*(0,2)
875    SLINE  0      9      00000000 0      
876    SLINE  0      12     00000017 0      
877    SLINE  0      13     0000001b 0      
878    SLINE  0      16     0000002e 0      
879    SLINE  0      15     0000003e 0      
880    SLINE  0      29     00000043 0      
881    SLINE  0      20     0000004e 0      
882    SLINE  0      21     0000005e 0      
883    SLINE  0      37     00000066 0      
884    SLINE  0      23     0000006e 0      
885    SLINE  0      25     00000074 0      
886    SLINE  0      24     00000079 0      
887    SLINE  0      29     00000088 0      
888    SLINE  0      29     00000090 0      
889    SLINE  0      18     00000093 0      
890    SLINE  0      19     0000009a 0      
891    SLINE  0      22     0000009e 0      
892    SLINE  0      22     000000a4 0      
893    SLINE  0      22     000000aa 0      
894    SLINE  0      26     000000b2 0      
895    SLINE  0      27     000000bf 0      
896    SLINE  0      28     000000c5 0      
897    SLINE  0      30     000000d3 0      
898    SLINE  0      31     000000dd 0      
899    SLINE  0      33     000000e3 0      
900    SLINE  0      34     000000eb 0      
901    SLINE  0      32     000000f6 0      
902    RSYM   0      0      00000006 4348   c:r(0,5)=r(0,5);-2147483648;2147483647;
903    LSYM   0      0      00000000 2675   int:t(0,5)
904    RSYM   0      0      00000000 4388   prompt:r(0,4)
905    LBRAC  0      0      00000000 0      
906    RBRAC  0      0      00000105 0      
907    LCSYM  0      0      f01122c0 4402   buf:S(0,6)=ar(0,7)=r(0,7);0;4294967295;;0;1023;(0,2)
908    SO     0      0      f0101509 0      
909    SO     0      2      f0101509 4455   lib/string.c
910    OPT    0      0      00000000 49     gcc2_compiled.
911    FUN    0      0      f0101509 4468   strlen:F(0,1)=r(0,1);-2147483648;2147483647;
912    LSYM   0      0      00000000 590    int:t(0,1)
913    PSYM   0      0      00000008 4513   s:p(0,2)=*(0,3)=r(0,3);0;127;
914    LSYM   0      0      00000000 4543   char:t(0,3)
915    SLINE  0      13     00000000 0      
916    SLINE  0      16     00000006 0      
917    SLINE  0      16     0000000b 0      
918    SLINE  0      17     0000000d 0      
919    SLINE  0      16     00000010 0      
920    SLINE  0      19     00000016 0      
921    RSYM   0      0      00000000 4555   n:r(0,1)
922    RSYM   0      0      00000002 4564   s:r(0,2)
923    LBRAC  0      0      00000000 0      
924    RBRAC  0      0      00000018 0      
925    FUN    0      0      f0101521 4573   strnlen:F(0,1)
926    PSYM   0      0      00000008 4588   s:p(0,2)
927    PSYM   0      0      0000000c 4597   size:p(0,4)=(0,5)=(0,6)=r(0,6);0;4294967295;
928    LSYM   0      0      00000000 4642   size_t:t(0,4)
929    LSYM   0      0      00000000 4656   uint32_t:t(0,5)
930    LSYM   0      0      00000000 3380   unsigned int:t(0,6)
931    SLINE  0      23     00000000 0      
932    SLINE  0      26     00000009 0      
933    SLINE  0      26     0000000e 0      
934    SLINE  0      27     00000010 0      
935    SLINE  0      26     00000013 0      
936    SLINE  0      26     00000017 0      
937    SLINE  0      29     0000001f 0      
938    RSYM   0      0      00000001 4564   s:r(0,2)
939    FUN    0      0      f0101544 4672   strcpy:F(0,7)=*(0,3)
940    PSYM   0      0      00000008 4693   dst:p(0,7)
941    PSYM   0      0      0000000c 4704   src:p(0,2)
942    SLINE  0      33     00000000 0      
943    SLINE  0      37     0000000a 0      
944    SLINE  0      37     0000000f 0      
945    SLINE  0      37     00000013 0      
946    SLINE  0      37     00000016 0      
947    SLINE  0      40     0000001d 0      
948    RSYM   0      0      00000001 4715   dst:r(0,7)
949    RSYM   0      0      00000003 4726   src:r(0,2)
950    FUN    0      0      f0101568 4737   strcat:F(0,7)
951    PSYM   0      0      00000008 4693   dst:p(0,7)
952    PSYM   0      0      0000000c 4704   src:p(0,2)
953    SLINE  0      44     00000000 0      
954    SLINE  0      45     0000000a 0      
955    SLINE  0      46     00000013 0      
956    SLINE  0      48     0000001e 0      
957    RSYM   0      0      00000003 4715   dst:r(0,7)
958    FUN    0      0      f010158d 4751   strncpy:F(0,7)
959    PSYM   0      0      00000008 4693   dst:p(0,7)
960    PSYM   0      0      0000000c 4704   src:p(0,2)
961    PSYM   0      0      00000010 4766   size:p(0,4)
962    SLINE  0      51     00000000 0      
963    SLINE  0      56     00000010 0      
964    SLINE  0      57     00000014 0      
965    SLINE  0      57     00000017 0      
966    SLINE  0      57     0000001a 0      
967    SLINE  0      60     0000001d 0      
968    SLINE  0      56     00000023 0      
969    SLINE  0      63     00000027 0      
970    RSYM   0      0      00000006 4715   dst:r(0,7)
971    RSYM   0      0      00000002 4726   src:r(0,2)
972    FUN    0      0      f01015ba 4778   strlcpy:F(0,4)
973    PSYM   0      0      00000008 4693   dst:p(0,7)
974    PSYM   0      0      0000000c 4704   src:p(0,2)
975    PSYM   0      0      00000010 4766   size:p(0,4)
976    SLINE  0      67     00000000 0      
977    SLINE  0      71     00000010 0      
978    SLINE  0      73     0000001c 0      
979    SLINE  0      73     0000001f 0      
980    SLINE  0      73     00000022 0      
981    SLINE  0      72     00000025 0      
982    SLINE  0      72     00000029 0      
983    SLINE  0      72     0000002c 0      
984    SLINE  0      74     00000032 0      
985    SLINE  0      76     00000035 0      
986    SLINE  0      77     00000037 0      
987    RSYM   0      0      00000006 4715   dst:r(0,7)
988    RSYM   0      0      00000001 4726   src:r(0,2)
989    RSYM   0      0      00000002 4793   size:r(0,4)
990    FUN    0      0      f01015f5 4805   strcmp:F(0,1)
991    LSYM   0      0      00000000 4819   unsigned char:t(0,8)=r(0,8);0;255;
992    PSYM   0      0      00000008 4854   p:p(0,2)
993    PSYM   0      0      0000000c 4863   q:p(0,2)
994    SLINE  0      81     00000000 0      
995    SLINE  0      82     00000009 0      
996    SLINE  0      83     0000000b 0      
997    SLINE  0      83     0000000e 0      
998    SLINE  0      82     00000011 0      
999    SLINE  0      82     00000014 0      
1000   SLINE  0      82     00000018 0      
1001   SLINE  0      84     0000001c 0      
1002   SLINE  0      84     0000001f 0      
1003   SLINE  0      84     00000022 0      
1004   SLINE  0      85     00000024 0      
1005   RSYM   0      0      00000001 4872   p:r(0,2)
1006   RSYM   0      0      00000002 4881   q:r(0,2)
1007   FUN    0      0      f010161b 4890   strncmp:F(0,1)
1008   PSYM   0      0      00000008 4854   p:p(0,2)
1009   PSYM   0      0      0000000c 4863   q:p(0,2)
1010   PSYM   0      0      00000010 4905   n:p(0,4)
1011   SLINE  0      89     00000000 0      
1012   SLINE  0      90     0000000f 0      
1013   SLINE  0      91     00000011 0      
1014   SLINE  0      91     00000014 0      
1015   SLINE  0      90     00000017 0      
1016   SLINE  0      90     0000001b 0      
1017   SLINE  0      90     0000001e 0      
1018   SLINE  0      90     00000022 0      
1019   SLINE  0      95     00000026 0      
1020   SLINE  0      95     00000029 0      
1021   SLINE  0      95     0000002c 0      
1022   SLINE  0      96     0000002e 0      
1023   SLINE  0      93     00000033 0      
1024   RSYM   0      0      00000000 4872   p:r(0,2)
1025   RSYM   0      0      00000002 4881   q:r(0,2)
1026   FUN    0      0      f0101655 4914   strchr:F(0,7)
1027   PSYM   0      0      00000008 4588   s:p(0,2)
1028   PSYM   0      0      0000000c 1076   c:p(0,1)
1029   SLINE  0      102    00000000 0      
1030   SLINE  0      103    0000000a 0      
1031   SLINE  0      103    0000000c 0      
1032   SLINE  0      103    0000000f 0      
1033   SLINE  0      104    00000016 0      
1034   SLINE  0      106    0000001c 0      
1035   SLINE  0      107    00000021 0      
1036   RSYM   0      0      00000000 4564   s:r(0,2)
1037   RSYM   0      0      00000001 4928   c:r(0,3)
1038   FUN    0      0      f0101678 4937   strfind:F(0,7)
1039   PSYM   0      0      00000008 4588   s:p(0,2)
1040   PSYM   0      0      0000000c 1076   c:p(0,1)
1041   SLINE  0      113    00000000 0      
1042   SLINE  0      114    0000000a 0      
1043   SLINE  0      115    0000000d 0      
1044   SLINE  0      114    00000015 0      
1045   SLINE  0      118    0000001a 0      
1046   RSYM   0      0      00000000 4564   s:r(0,2)
1047   RSYM   0      0      00000001 4928   c:r(0,3)
1048   FUN    0      0      f0101694 4952   memset:F(0,9)=*(0,10)=(0,10)
1049   LSYM   0      0      00000000 4981   void:t(0,10)
1050   PSYM   0      0      00000008 4994   v:p(0,9)
1051   PSYM   0      0      0000000c 1076   c:p(0,1)
1052   PSYM   0      0      00000010 4905   n:p(0,4)
1053   SLINE  0      123    00000000 0      
1054   SLINE  0      126    0000000c 0      
1055   SLINE  0      128    00000010 0      
1056   SLINE  0      129    00000018 0      
1057   SLINE  0      130    0000001c 0      
1058   SLINE  0      130    00000021 0      
1059   SLINE  0      130    00000026 0      
1060   SLINE  0      130    0000002b 0      
1061   SLINE  0      130    0000002f 0      
1062   SLINE  0      132    00000031 0      
1063   SLINE  0      131    00000034 0      
1064   SLINE  0      135    00000039 0      
1065   SLINE  0      139    0000003f 0      
1066   RSYM   0      0      00000007 5003   v:r(0,9)
1067   RSYM   0      0      00000001 5012   n:r(0,4)
1068   FUN    0      0      f01016da 5021   memmove:F(0,9)
1069   PSYM   0      0      00000008 5036   dst:p(0,9)
1070   PSYM   0      0      0000000c 5047   src:p(0,11)=*(0,10)
1071   PSYM   0      0      00000010 4905   n:p(0,4)
1072   SLINE  0      143    00000000 0      
1073   SLINE  0      149    0000000e 0      
1074   SLINE  0      149    00000012 0      
1075   SLINE  0      149    00000015 0      
1076   SLINE  0      151    00000019 0      
1077   SLINE  0      152    0000001c 0      
1078   SLINE  0      154    0000002a 0      
1079   SLINE  0      154    0000002d 0      
1080   SLINE  0      154    00000030 0      
1081   SLINE  0      153    00000033 0      
1082   SLINE  0      157    00000038 0      
1083   SLINE  0      157    0000003b 0      
1084   SLINE  0      156    0000003e 0      
1085   SLINE  0      159    00000041 0      
1086   SLINE  0      161    00000044 0      
1087   SLINE  0      163    0000004f 0      
1088   SLINE  0      162    00000052 0      
1089   SLINE  0      165    00000059 0      
1090   SLINE  0      169    0000005e 0      
1091   RSYM   0      0      00000007 5067   d:r(0,7)
1092   RSYM   0      0      00000000 5076   dst:r(0,9)
1093   RSYM   0      0      00000006 5087   src:r(0,11)
1094   RSYM   0      0      00000001 5012   n:r(0,4)
1095   LBRAC  0      0      00000000 0      
1096   RBRAC  0      0      00000062 0      
1097   FUN    0      0      f010173c 5099   memcpy:F(0,9)
1098   PSYM   0      0      00000008 5036   dst:p(0,9)
1099   PSYM   0      0      0000000c 5113   src:p(0,11)
1100   PSYM   0      0      00000010 4905   n:p(0,4)
1101   SLINE  0      210    00000000 0      
1102   SLINE  0      211    00000006 0      
1103   SLINE  0      212    00000014 0      
1104   FUN    0      0      f0101752 5125   memcmp:F(0,1)
1105   LSYM   0      0      00000000 5139   uint8_t:t(0,12)=(0,8)
1106   PSYM   0      0      00000008 5161   v1:p(0,11)
1107   PSYM   0      0      0000000c 5172   v2:p(0,11)
1108   PSYM   0      0      00000010 4905   n:p(0,4)
1109   SLINE  0      216    00000000 0      
1110   SLINE  0      220    00000010 0      
1111   SLINE  0      223    00000012 0      
1112   SLINE  0      223    00000015 0      
1113   SLINE  0      220    00000018 0      
1114   SLINE  0      221    0000001c 0      
1115   SLINE  0      221    0000001f 0      
1116   SLINE  0      221    00000022 0      
1117   SLINE  0      222    00000026 0      
1118   SLINE  0      222    00000029 0      
1119   SLINE  0      222    0000002c 0      
1120   SLINE  0      226    00000030 0      
1121   SLINE  0      227    00000035 0      
1122   RSYM   0      0      00000000 5183   s1:r(0,13)=*(0,12)
1123   RSYM   0      0      00000002 5202   s2:r(0,13)
1124   RSYM   0      0      00000000 5213   v1:r(0,11)
1125   RSYM   0      0      00000002 5224   v2:r(0,11)
1126   LBRAC  0      0      00000000 0      
1127   RBRAC  0      0      00000039 0      
1128   FUN    0      0      f010178b 5235   memfind:F(0,9)
1129   PSYM   0      0      00000008 5250   s:p(0,11)
1130   PSYM   0      0      0000000c 1076   c:p(0,1)
1131   PSYM   0      0      00000010 4905   n:p(0,4)
1132   SLINE  0      231    00000000 0      
1133   SLINE  0      232    00000009 0      
1134   SLINE  0      233    0000000e 0      
1135   SLINE  0      233    00000010 0      
1136   SLINE  0      233    00000013 0      
1137   SLINE  0      234    00000017 0      
1138   SLINE  0      237    0000001b 0      
1139   RSYM   0      0      00000002 5260   ends:r(0,11)
1140   RSYM   0      0      00000000 5273   s:r(0,11)
1141   RSYM   0      0      00000001 730    c:r(0,1)
1142   LBRAC  0      0      00000000 0      
1143   RBRAC  0      0      0000001d 0      
1144   FUN    0      0      f01017a8 5283   strtol:F(0,14)=r(0,14);-2147483648;2147483647;
1145   LSYM   0      0      00000000 5330   long int:t(0,14)
1146   PSYM   0      0      00000008 4588   s:p(0,2)
1147   PSYM   0      0      0000000c 5347   endptr:p(0,15)=*(0,7)
1148   PSYM   0      0      00000010 5369   base:p(0,1)
1149   SLINE  0      241    00000000 0      
1150   SLINE  0      246    0000000c 0      
1151   SLINE  0      247    0000000e 0      
1152   SLINE  0      246    00000011 0      
1153   SLINE  0      246    00000014 0      
1154   SLINE  0      250    0000001c 0      
1155   SLINE  0      242    00000020 0      
1156   SLINE  0      252    00000025 0      
1157   SLINE  0      256    00000029 0      
1158   SLINE  0      256    00000031 0      
1159   SLINE  0      261    00000036 0      
1160   SLINE  0      251    0000004a 0      
1161   SLINE  0      242    0000004d 0      
1162   SLINE  0      253    00000054 0      
1163   SLINE  0      253    00000057 0      
1164   SLINE  0      256    0000005e 0      
1165   SLINE  0      258    00000064 0      
1166   SLINE  0      259    00000068 0      
1167   SLINE  0      259    0000006b 0      
1168   SLINE  0      259    00000070 0      
1169   SLINE  0      257    00000072 0      
1170   SLINE  0      257    00000075 0      
1171   SLINE  0      257    0000007a 0      
1172   SLINE  0      268    0000007c 0      
1173   SLINE  0      268    0000007f 0      
1174   SLINE  0      275    00000082 0      
1175   SLINE  0      277    00000087 0      
1176   SLINE  0      277    0000008a 0      
1177   SLINE  0      277    0000008e 0      
1178   SLINE  0      267    00000090 0      
1179   SLINE  0      267    00000093 0      
1180   SLINE  0      267    00000096 0      
1181   SLINE  0      269    0000009d 0      
1182   SLINE  0      269    000000a0 0      
1183   SLINE  0      270    000000a7 0      
1184   SLINE  0      270    000000aa 0      
1185   SLINE  0      271    000000af 0      
1186   SLINE  0      271    000000b2 0      
1187   SLINE  0      272    000000b9 0      
1188   SLINE  0      272    000000bc 0      
1189   SLINE  0      281    000000c1 0      
1190   SLINE  0      282    000000c7 0      
1191   SLINE  0      283    000000cc 0      
1192   SLINE  0      284    000000d5 0      
1193   RSYM   0      0      00000007 5381   neg:r(0,1)
1194   RSYM   0      0      00000001 5392   val:r(0,14)
1195   RSYM   0      0      00000002 4564   s:r(0,2)
1196   RSYM   0      0      00000003 5404   base:r(0,1)
1197   LBRAC  0      0      00000000 0      
1198   RSYM   0      0      00000000 5416   dig:r(0,1)
1199   LBRAC  0      0      0000007c 0      
1200   RBRAC  0      0      000000c1 0      
1201   RBRAC  0      0      000000dc 0      
1202   SO     0      0      f0101884 0      

